11347
7245
153
4478
7790
2148
4322
12063
6496
5015
15391
11730
10822
6610
451
6182
4325
7580
14405
10799
520
10439
3670
11575
14635
1037
9620
12090
4558
4051
4377
11806
9706
10321
11643
263
1504
526
5220
15758
13770
13477
779
11933
107
12291
8506
10923
2317
512
14734
11505
2049
990
8963
11680
4167
8239
14324
13301
187
7857
4129
16170
4452
3852
8919
15972
4653
5684
3309
1178
11966
15751
13299
11276
1600
3136
4103
2183
9364
16180
14982
7139
13286
8648
6011
7530
9748
4586
8336
2653
202
6733
15525
4232
11173
10485
397
600

